# name: debug
# type: sparse matrix
# nnz: 7992
# rows: 444
# columns: 444

1 1 2.00000004
2 1 -2.96822973e-09
3 1 1.47639642e-09
4 1 6.70890501e-10
5 1 0.337228411
6 1 0.225003263
7 1 -0.98172858
8 1 0.190286715
9 1 2.43211069e-05
10 1 0
11 1 0
12 1 0
1 2 -2.96822973e-09
2 2 2.00000009
3 2 -2.53259564e-09
4 2 -0.337228419
5 2 -8.59276383e-10
6 2 -0.0512823124
7 2 -0.190273624
8 2 -0.981659449
9 2 -0.0118642325
10 2 0
11 2 0
12 2 0
1 3 1.47639642e-09
2 3 -2.53259564e-09
3 3 1.99999993
4 3 -0.225003246
5 3 0.0512823071
6 3 1.88385874e-10
7 3 0.0022337335
8 3 0.0116520851
9 3 -0.999929579
10 3 0
11 3 0
12 3 0
1 4 6.70890501e-10
2 4 -0.337228419
3 4 -0.225003246
4 4 2.16413198
5 4 -0.0114752362
6 4 0.0169757698
7 4 0.0636630732
8 4 0.328421692
9 4 0.228988369
10 4 -0.981628179
11 4 0.19023307
12 4 0.000183022656
1 5 0.337228411
2 5 -8.59276383e-10
3 5 0.0512823071
4 5 -0.0114752362
5 5 2.11633434
6 5 0.0759702971
7 5 -0.33095221
8 5 0.0647676308
9 5 -0.0512704964
10 5 -0.190302849
11 5 -0.981643767
12 5 -0.0119104784
1 6 0.225003263
2 6 -0.0512823124
3 6 1.88385874e-10
4 6 0.0169757698
5 6 0.0759702971
6 6 2.0527912
7 6 -0.211134458
8 6 0.0931568945
9 6 0.000613897574
10 6 0.00238057663
11 6 0.011573591
12 6 -0.99969748
1 7 -0.98172858
2 7 -0.190273624
3 7 0.0022337335
4 7 0.0636630732
5 7 -0.33095221
6 7 -0.211134458
7 7 2.00000001
8 7 1.79898311e-08
9 7 5.58773788e-10
10 7 3.54129365e-11
11 7 0.308656694
12 7 0.216675329
13 7 -0.987523763
14 7 0.137246058
15 7 -0.0772036031
16 7 0
17 7 0
18 7 0
1 8 0.190286715
2 8 -0.981659449
3 8 0.0116520851
4 8 0.328421692
5 8 0.0647676308
6 8 0.0931568945
7 8 1.79898311e-08
8 8 2.00000006
9 8 -2.71734599e-09
10 8 -0.308656705
11 8 -9.42683782e-10
12 8 -0.071370128
13 8 -0.135103556
14 8 -0.990303337
15 8 -0.0323462325
16 8 0
17 8 0
18 8 0
1 9 2.43211069e-05
2 9 -0.0118642325
3 9 -0.999929579
4 9 0.228988369
5 9 -0.0512704964
6 9 0.000613897574
7 9 5.58773788e-10
8 9 -2.71734599e-09
9 9 1.99999995
10 9 -0.216675326
11 9 0.0713701251
12 9 9.07270856e-10
13 9 0.0808943646
14 9 0.021512199
15 9 -0.996490499
16 9 0
17 9 0
18 9 0
1 10 0
2 10 0
3 10 0
4 10 -0.981628179
5 10 -0.190302849
6 10 0.00238057663
7 10 3.54129365e-11
8 10 -0.308656705
9 10 -0.216675326
10 10 2.14203172
11 10 -0.0153651223
12 10 0.0217356747
13 10 0.0241728043
14 10 0.301002596
15 10 0.225898791
16 10 -0.987450667
17 10 0.137181132
18 10 -0.0770518384
1 11 0
2 11 0
3 11 0
4 11 0.19023307
5 11 -0.981643767
6 11 0.011573591
7 11 0.308656694
8 11 -9.42683782e-10
9 11 0.0713701251
10 11 -0.0153651223
11 11 2.1003098
12 11 0.0670348885
13 11 -0.299032384
14 11 0.0438972437
15 11 -0.0949490617
16 11 -0.135142556
17 11 -0.990268763
18 11 -0.0324272274
1 12 0
2 12 0
3 12 0
4 12 0.000183022656
5 12 -0.0119104784
6 12 -0.99969748
7 12 0.216675329
8 12 -0.071370128
9 12 9.07270856e-10
10 12 0.0217356747
11 12 0.0670348885
12 12 2.05157829
13 12 -0.204329681
14 12 0.100415909
15 12 -0.0144195616
16 12 0.0810099007
17 12 0.0214095325
18 12 -0.996250487
7 13 -0.987523763
8 13 -0.135103556
9 13 0.0808943646
10 13 0.0241728043
11 13 -0.299032384
12 13 -0.204329681
13 13 2.00000012
14 13 -2.57261179e-08
15 13 1.413162e-08
16 13 -9.61089953e-10
17 13 0.297460656
18 13 0.260152031
19 13 -0.995785528
20 13 0.0907362916
21 13 0.0133531248
22 13 0
23 13 0
24 13 0
7 14 0.137246058
8 14 -0.990303337
9 14 0.021512199
10 14 0.301002596
11 14 0.0438972437
12 14 0.100415909
13 14 -2.57261179e-08
14 14 1.99999991
15 14 -7.22092156e-09
16 14 -0.297460633
17 14 1.05346251e-09
18 14 -0.0700480506
19 14 -0.0914095025
20 14 -0.993753969
21 14 -0.0640100373
22 14 0
23 14 0
24 14 0
7 15 -0.0772036031
8 15 -0.0323462325
9 15 -0.996490499
10 15 0.225898791
11 15 -0.0949490617
12 15 -0.0144195616
13 15 1.413162e-08
14 15 -7.22092156e-09
15 15 2
16 15 -0.260152013
17 15 0.0700480518
18 15 -9.23725671e-11
19 15 -0.00746169979
20 15 0.0649608652
21 15 -0.997859948
22 15 0
23 15 0
24 15 0
7 16 0
8 16 0
9 16 0
10 16 -0.987450667
11 16 -0.135142556
12 16 0.0810099007
13 16 -9.61089953e-10
14 16 -0.297460633
15 16 -0.260152013
16 16 2.15604674
17 16 -0.0181208593
18 16 0.0205972682
19 16 0.0291319053
20 16 0.278702991
21 16 0.278635745
22 16 -0.995731835
23 16 0.0906724241
24 16 0.0134685946
7 17 0
8 17 0
9 17 0
10 17 0.137181132
11 17 -0.990268763
12 17 0.0214095325
13 17 0.297460656
14 17 1.05346251e-09
15 17 0.0700480518
16 17 -0.0181208593
17 17 2.09329888
18 17 0.0775974867
19 17 -0.296729677
20 17 0.0315408574
21 17 -0.0659261174
22 17 -0.0914571099
23 17 -0.993697432
24 17 -0.0641125277
7 18 0
8 18 0
9 18 0
10 18 -0.0770518384
11 18 -0.0324272274
12 18 -0.996250487
13 18 0.260152031
14 18 -0.0700480506
15 18 -9.23725671e-11
16 18 0.0205972682
17 18 0.0775974867
18 18 2.07208864
19 18 -0.252652556
20 18 0.0932157599
21 18 0.00795762084
22 18 -0.00735029211
23 18 0.0648281926
24 18 -0.997619952
13 19 -0.995785528
14 19 -0.0914095025
15 19 -0.00746169979
16 19 0.0291319053
17 19 -0.296729677
18 19 -0.252652556
19 19 2.00000015
20 19 -4.67431924e-08
21 19 7.7480582e-09
22 19 1.01717228e-09
23 19 0.296284804
24 19 0.301609521
25 19 -0.994148551
26 19 -0.0760296901
27 19 0.0767343668
28 19 0
29 19 0
30 19 0
13 20 0.0907362916
14 20 -0.993753969
15 20 0.0649608652
16 20 0.278702991
17 20 0.0315408574
18 20 0.0932157599
19 20 -4.67431924e-08
20 20 1.99999994
21 20 2.21022965e-09
22 20 -0.296284796
23 20 -1.63875474e-09
24 20 0.155280966
25 20 0.0715003286
26 20 -0.995625549
27 20 -0.060144897
28 20 0
29 20 0
30 20 0
13 21 0.0133531248
14 21 -0.0640100373
15 21 -0.997859948
16 21 0.278635745
17 21 -0.0659261174
18 21 0.00795762084
19 21 7.7480582e-09
20 21 2.21022965e-09
21 21 2.00000014
22 21 -0.301609536
23 21 -0.155280979
24 21 6.21582476e-10
25 21 -0.0809715072
26 21 0.0543064286
27 21 -0.995235932
28 21 0
29 21 0
30 21 0
13 22 0
14 22 0
15 22 0
16 22 -0.995731835
17 22 -0.0914571099
18 22 -0.00735029211
19 22 1.01717228e-09
20 22 -0.296284796
21 22 -0.301609536
22 22 2.17865318
23 22 0.0469531007
24 22 -0.046222514
25 22 0.00323731667
26 22 0.278609382
27 22 0.317992649
28 22 -0.994085896
29 22 -0.0760909785
30 22 0.0768341666
13 23 0
14 23 0
15 23 0
16 23 0.0906724241
17 23 -0.993697432
18 23 0.0648281926
19 23 0.296284804
20 23 -1.63875474e-09
21 23 -0.155280979
22 23 0.0469531007
23 23 2.11175551
24 23 0.0896184156
25 23 -0.281977772
26 23 -0.0309591966
27 23 0.177276428
28 23 0.0714257458
29 23 -0.99555272
30 23 -0.0602636493
13 24 0
14 24 0
15 24 0
16 24 0.0134685946
17 24 -0.0641125277
18 24 -0.997619952
19 24 0.301609521
20 24 0.155280966
21 24 6.21582476e-10
22 24 -0.046222514
23 24 0.0896184156
24 24 2.11461694
25 24 -0.288742026
26 24 -0.17753298
27 24 0.0138044575
28 24 -0.0808364401
29 24 0.0541743864
30 24 -0.995020755
19 25 -0.994148551
20 25 0.0715003286
21 25 -0.0809715072
22 25 0.00323731667
23 25 -0.281977772
24 25 -0.288742026
25 25 2.00000004
26 25 -2.03839985e-08
27 25 6.84445669e-09
28 25 1.49069262e-09
29 25 0.257751493
30 25 0.336489665
31 25 -0.976755928
32 25 -0.199364929
33 25 0.078749497
34 25 0
35 25 0
36 25 0
19 26 -0.0760296901
20 26 -0.995625549
21 26 0.0543064286
22 26 0.278609382
23 26 -0.0309591966
24 26 -0.17753298
25 26 -2.03839985e-08
26 26 2.00000002
27 26 -7.2612621e-09
28 26 -0.2577515
29 26 8.80712357e-10
30 26 0.310524589
31 26 0.186691995
32 26 -0.971736604
33 26 -0.144479125
34 26 0
35 26 0
36 26 0
19 27 0.0767343668
20 27 -0.060144897
21 27 -0.995235932
22 27 0.317992649
23 27 0.177276428
24 27 0.0138044575
25 27 6.84445669e-09
26 27 -7.2612621e-09
27 27 2.00000009
28 27 -0.336489661
29 27 -0.310524575
30 27 -2.37140498e-09
31 27 -0.105327837
32 27 0.126418943
33 27 -0.986369242
34 27 0
35 27 0
36 27 0
19 28 0
20 28 0
21 28 0
22 28 -0.994085896
23 28 0.0714257458
24 28 -0.0808364401
25 28 1.49069262e-09
26 28 -0.2577515
27 28 -0.336489661
28 28 2.17950379
29 28 0.104642104
30 28 -0.0802888866
31 28 -0.0126784111
32 28 0.207927886
33 28 0.369142757
34 28 -0.976651377
35 28 -0.199439889
36 28 0.0788560533
19 29 0
20 29 0
21 29 0
22 29 -0.0760909785
23 29 -0.99555272
24 29 0.0541743864
25 29 0.257751493
26 29 8.80712357e-10
27 29 -0.310524575
28 29 0.104642104
29 29 2.16271104
30 29 0.0869757368
31 29 -0.21905341
32 29 -0.0906427945
33 29 0.326589685
34 29 0.186589833
35 29 -0.971663246
36 29 -0.144583212
19 30 0
20 30 0
21 30 0
22 30 0.0768341666
23 30 -0.0602636493
24 30 -0.995020755
25 30 0.336489665
26 30 0.310524589
27 30 -2.37140498e-09
28 30 -0.0802888866
29 30 0.0869757368
30 30 2.20925142
31 30 -0.270695816
32 30 -0.368832328
33 30 -0.0183659268
34 30 -0.105161181
35 30 0.126299452
36 30 -0.986199498
25 31 -0.976755928
26 31 0.186691995
27 31 -0.105327837
28 31 -0.0126784111
29 31 -0.21905341
30 31 -0.270695816
31 31 1.99999998
32 31 9.49203704e-09
33 31 1.32873375e-08
34 31 -2.68645867e-09
35 31 0.336992688
36 31 0.19150413
37 31 -0.979536195
38 31 -0.185146778
39 31 0.0789271272
40 31 0
41 31 0
42 31 0
25 32 -0.199364929
26 32 -0.971736604
27 32 0.126418943
28 32 0.207927886
29 32 -0.0906427945
30 32 -0.368832328
31 32 9.49203704e-09
32 32 2.00000006
33 32 9.12933441e-09
34 32 -0.336992678
35 32 2.03303411e-09
36 32 0.106398344
37 32 0.174682775
38 32 -0.976842946
39 32 -0.123546712
40 32 0
41 32 0
42 32 0
25 33 0.078749497
26 33 -0.144479125
27 33 -0.986369242
28 33 0.369142757
29 33 0.326589685
30 33 -0.0183659268
31 33 1.32873375e-08
32 33 9.12933441e-09
33 33 1.99999999
34 33 -0.191504134
35 33 -0.106398348
36 33 6.53424555e-10
37 33 -0.0999737006
38 33 0.10723123
39 33 -0.989194989
40 33 0
41 33 0
42 33 0
25 34 0
26 34 0
27 34 0
28 34 -0.976651377
29 34 0.186589833
30 34 -0.105161181
31 34 -2.68645867e-09
32 34 -0.336992678
33 34 -0.191504134
34 34 2.14995987
35 34 0.0205750235
36 34 -0.0361388933
37 34 -0.0397214415
38 34 0.308653707
39 34 0.231069264
40 34 -0.979368137
41 34 -0.185233699
42 34 0.0790443239
25 35 0
26 35 0
27 35 0
28 35 -0.199439889
29 35 -0.971663246
30 35 0.126299452
31 35 0.336992688
32 35 2.03303411e-09
33 35 -0.106398348
34 35 0.0205750235
35 35 2.12474176
36 35 0.0647386189
37 35 -0.319459499
38 35 -0.0738023359
39 35 0.131846575
40 35 0.17456236
41 35 -0.976780619
42 35 -0.123630642
25 36 0
26 36 0
27 36 0
28 36 0.0788560533
29 36 -0.144583212
30 36 -0.986199498
31 36 0.19150413
32 36 0.106398344
33 36 6.53424555e-10
34 36 -0.0361388933
35 36 0.0647386189
36 36 2.04770562
37 36 -0.168999268
38 36 -0.139390846
39 36 0.00196970495
40 36 -0.0998023048
41 36 0.107142614
42 36 -0.989075525
31 37 -0.979536195
32 37 0.174682775
33 37 -0.0999737006
34 37 -0.0397214415
35 37 -0.319459499
36 37 -0.168999268
37 37 2
38 37 1.8510667e-08
39 37 1.90402986e-08
40 37 -8.67064586e-11
41 37 0.237120619
42 37 0.0350623057
43 37 -0.999901027
44 37 0.01406866
45 37 -5.06444777e-05
46 37 0
47 37 0
48 37 0
31 38 -0.185146778
32 38 -0.976842946
33 38 0.10723123
34 38 0.308653707
35 38 -0.0738023359
36 38 -0.139390846
37 38 1.8510667e-08
38 38 2.00000009
39 38 3.99387629e-08
40 38 -0.237120625
41 38 1.70250727e-10
42 38 -0.0500156622
43 38 -0.014068245
44 38 -0.999889366
45 38 -0.00484669805
46 38 0
47 38 0
48 38 0
31 39 0.0789271272
32 39 -0.123546712
33 39 -0.989194989
34 39 0.231069264
35 39 0.131846575
36 39 0.00196970495
37 39 1.90402986e-08
38 39 3.99387629e-08
39 39 1.99999993
40 39 -0.0350623033
41 39 0.0500156568
42 39 -8.35442683e-11
43 39 0.000118801494
44 39 0.00484545366
45 39 -0.999988214
46 39 0
47 39 0
48 39 0
31 40 0
32 40 0
33 40 0
34 40 -0.979368137
35 40 0.17456236
36 40 -0.0998023048
37 40 -8.67064586e-11
38 40 -0.237120625
39 40 -0.0350623033
40 40 2.05704906
41 40 -0.00154341685
42 40 0.0115761775
43 40 0.00333170543
44 40 0.236924487
45 40 0.0362111437
46 40 -0.999698858
47 40 0.0139597715
48 40 9.10409821e-05
31 41 0
32 41 0
33 41 0
34 41 -0.185233699
35 41 -0.976780619
36 41 0.107142614
37 41 0.237120619
38 41 1.70250727e-10
39 41 0.0500156568
40 41 -0.00154341685
41 41 2.05861896
42 41 0.00846059406
43 41 -0.237091203
44 41 0.00357831785
45 41 -0.050027079
46 41 -0.0141728034
47 41 -0.99983296
48 41 -0.00491989484
31 42 0
32 42 0
33 42 0
34 42 0.0790443239
35 42 -0.123630642
36 42 -0.989075525
37 42 0.0350623057
38 42 -0.0500156622
39 42 -8.35442683e-11
40 42 0.0115761775
41 42 0.00846059406
42 42 2.00353321
43 42 -0.0343552022
44 42 0.0505034059
45 42 0.000240635088
46 42 0.000259929437
47 42 0.00476952333
48 42 -0.999889428
37 43 -0.999901027
38 43 -0.014068245
39 43 0.000118801494
40 43 0.00333170543
41 43 -0.237091203
42 43 -0.0343552022
43 43 1.99999999
44 43 -4.28541228e-09
45 43 2.75614043e-08
46 43 2.07434935e-11
47 43 -0.127045155
48 43 -0.0115730642
49 43 -0.998861024
50 43 0.0184111716
51 43 -0.0440188784
52 43 0
53 43 0
54 43 0
37 44 0.01406866
38 44 -0.999889366
39 44 0.00484545366
40 44 0.236924487
41 44 0.00357831785
42 44 0.0505034059
43 44 -4.28541228e-09
44 44 2.00000005
45 44 5.3051503e-08
46 44 0.127045147
47 44 3.20225416e-10
48 44 -0.11967348
49 44 -0.0188747984
50 44 -0.999770422
51 44 0.0101409733
52 44 0
53 44 0
54 44 0
37 45 -5.06444777e-05
38 45 -0.00484669805
39 45 -0.999988214
40 45 0.0362111437
41 45 -0.050027079
42 45 0.000240635088
43 45 2.75614043e-08
44 45 5.3051503e-08
45 45 2.00000001
46 45 0.0115730646
47 45 0.119673489
48 45 -3.40968909e-10
49 45 0.0438220429
50 45 -0.0109602524
51 45 -0.998979327
52 45 0
53 45 0
54 45 0
37 46 0
38 46 0
39 46 0
40 46 -0.999698858
41 46 -0.0141728034
42 46 0.000259929437
43 46 2.07434935e-11
44 46 0.127045147
45 46 0.0115730646
46 46 2.01587209
47 46 0.00160167667
48 46 -0.0154860531
49 46 -0.00189079633
50 46 -0.127142829
51 46 -0.0102728901
52 46 -0.998667861
53 46 0.0183004005
54 46 -0.0438675325
37 47 0
38 47 0
39 47 0
40 47 0.0139597715
41 47 -0.99983296
42 47 0.00476952333
43 47 -0.127045155
44 47 3.20225416e-10
45 47 0.119673489
46 47 0.00160167667
47 47 2.03034557
48 47 0.0016221625
49 47 0.132144788
50 47 -0.00365070171
51 47 -0.113958953
52 47 -0.0189788663
53 47 -0.999710857
54 47 0.0100594947
37 48 0
38 48 0
39 48 0
40 48 9.10409821e-05
41 48 -0.00491989484
42 48 -0.999889428
43 48 -0.0115730642
44 48 -0.11967348
45 48 -3.40968909e-10
46 48 -0.0154860531
47 48 0.0016221625
48 48 2.01425795
49 48 0.0138186954
50 48 0.119432938
51 48 -0.000704172332
52 48 0.0439576042
53 48 -0.0110379353
54 48 -0.998873075
43 49 -0.998861024
44 49 -0.0188747984
45 49 0.0438220429
46 49 -0.00189079633
47 49 0.132144788
48 49 0.0138186954
49 49 3.00000004
50 49 -4.27038275e-08
51 49 1.27808873e-08
52 49 -7.68922926e-10
53 49 -0.46975542
54 49 -0.0692961131
55 49 -0.99422984
56 49 0.0072212965
57 49 -0.107027932
58 49 0
59 49 0
60 49 0
439 49 -0.545774144
440 49 0.831196759
441 49 0.106030945
442 49 -6361736.85
443 49 -3722998.52
444 49 -3560537.7
43 50 0.0184111716
44 50 -0.999770422
45 50 -0.0109602524
46 50 -0.127142829
47 50 -0.00365070171
48 50 0.119432938
49 50 -4.27038275e-08
50 50 3.00000019
51 50 -8.21468662e-08
52 50 0.469755375
53 50 1.42620155e-09
54 50 -0.169885479
55 50 -0.0193633216
56 50 -0.993423648
57 50 0.112847243
58 50 0
59 50 0
60 50 0
439 50 0.573735874
440 50 0.278465878
441 50 0.77024938
442 50 -3493463.19
443 50 6617320.7
444 50 209837.409
43 51 -0.0440188784
44 51 0.0101409733
45 51 -0.998979327
46 51 -0.0102728901
47 51 -0.113958953
48 51 -0.000704172332
49 51 1.27808873e-08
50 51 -8.21468662e-08
51 51 3.00000035
52 51 0.0692961122
53 51 0.169885488
54 51 -6.5727862e-10
55 51 0.105509181
56 51 -0.114268468
57 51 -0.987831279
58 51 0
59 51 0
60 51 0
439 51 -0.610702805
440 51 -0.481215949
441 51 0.628866802
442 51 2403373.74
443 51 -2601424.63
444 51 343316.047
43 52 0
44 52 0
45 52 0
46 52 -0.998667861
47 52 -0.0189788663
48 52 0.0439576042
49 52 -7.68922926e-10
50 52 0.469755375
51 52 0.0692961122
52 52 2.71772134
53 52 0.370609246
54 52 -0.192520703
55 52 -0.00178464899
56 52 -0.474584476
57 52 -0.0154422634
58 52 -0.992725133
59 52 0.00734745663
60 52 -0.106808886
439 52 0
440 52 0
441 52 0
442 52 0.00500793671
443 52 0.564638694
444 52 0.258039424
43 53 0
44 53 0
45 53 0
46 53 0.0183004005
47 53 -0.999710857
48 53 -0.0110379353
49 53 -0.46975542
50 53 1.42620155e-09
51 53 0.169885488
52 53 0.370609246
53 53 2.99497576
54 53 0.112407254
55 53 0.484969307
56 53 -0.022804797
57 53 -0.117541248
58 53 -0.0192347525
59 53 -0.993412925
60 53 0.112865917
439 53 0
440 53 0
441 53 0
442 53 0.1831519
443 53 0.467493998
444 53 0.66245356
43 54 0
44 54 0
45 54 0
46 54 -0.0438675325
47 54 0.0100594947
48 54 -0.998873075
49 54 -0.0692961131
50 54 -0.169885479
51 54 -6.5727862e-10
52 54 -0.192520703
53 54 0.112407254
54 54 3.00853661
55 54 0.072185807
56 54 0.168267851
57 54 -0.0117544893
58 54 0.105580554
59 54 -0.114262523
60 54 -0.987820843
439 54 0
440 54 0
441 54 0
442 54 -0.488258787
443 54 -0.540474308
444 54 0.662659744
49 55 -0.99422984
50 55 -0.0193633216
51 55 0.105509181
52 55 -0.00178464899
53 55 0.484969307
54 55 0.072185807
55 55 1.99999999
56 55 -1.61202901e-08
57 55 -1.38683043e-08
58 55 1.97316895e-10
59 55 -0.409261014
60 55 0.0605231917
61 55 -0.997422019
62 55 -0.00197099388
63 55 -0.0717311757
64 55 0
65 55 0
66 55 0
49 56 0.0072212965
50 56 -0.993423648
51 56 -0.114268468
52 56 -0.474584476
53 56 -0.022804797
54 56 0.168267851
55 56 -1.61202901e-08
56 56 2.00000002
57 56 -5.68488877e-08
58 56 0.40926104
59 56 -1.90682675e-09
60 56 -0.140585487
61 56 -0.00535946275
62 56 -0.994784628
63 56 0.101857217
64 56 0
65 56 0
66 56 0
49 57 -0.107027932
50 57 0.112847243
51 57 -0.987831279
52 57 -0.0154422634
53 57 -0.117541248
54 57 -0.0117544893
55 57 -1.38683043e-08
56 57 -5.68488877e-08
57 57 2.00000012
58 57 -0.060523202
59 57 0.140585491
60 57 1.70950985e-09
61 57 0.0715578493
62 57 -0.101979042
63 57 -0.992209528
64 57 0
65 57 0
66 57 0
49 58 0
50 58 0
51 58 0
52 58 -0.992725133
53 58 -0.0192347525
54 58 0.105580554
55 58 1.97316895e-10
56 58 0.40926104
57 58 -0.060523202
58 58 2.16818181
59 58 -0.00874579218
60 58 -0.0579300893
61 58 -0.00652432891
62 58 -0.400954489
63 58 0.101737881
64 58 -0.995953028
65 58 -0.00183851795
66 58 -0.0714605857
49 59 0
50 59 0
51 59 0
52 59 0.00734745663
53 59 -0.993412925
54 59 -0.114262523
55 59 -0.409261014
56 59 -1.90682675e-09
57 59 0.140585491
58 59 -0.00874579218
59 59 2.18723995
60 59 -0.0248013088
61 59 0.418265962
62 59 -0.0135301222
63 59 -0.110133483
64 59 -0.00524856238
65 59 -0.994774572
66 59 0.101877616
49 60 0
50 60 0
51 60 0
52 60 -0.106808886
53 60 0.112865917
54 60 -0.987820843
55 60 0.0605231917
56 60 -0.140585487
57 60 1.70950985e-09
58 60 -0.0579300893
59 60 -0.0248013088
60 60 2.02337469
61 60 -0.0596137044
62 60 0.139732989
63 60 -0.0186610463
64 60 0.0717328337
65 60 -0.101963289
66 60 -0.99217731
55 61 -0.997422019
56 61 -0.00535946275
57 61 0.0715578493
58 61 -0.00652432891
59 61 0.418265962
60 61 -0.0596137044
61 61 1.99999995
62 61 2.84603914e-08
63 61 -1.06175718e-08
64 61 -8.97145698e-10
65 61 -0.00542025466
66 61 0.174223336
67 61 -0.991768447
68 61 -0.0686329769
69 61 0.108096379
70 61 0
71 61 0
72 61 0
55 62 -0.00197099388
56 62 -0.994784628
57 62 -0.101979042
58 62 -0.400954489
59 62 -0.0135301222
60 62 0.139732989
61 62 2.84603914e-08
62 62 2.00000008
63 62 -2.92386707e-08
64 62 0.00542025676
65 62 -8.38457311e-10
66 62 -0.126463581
67 62 0.0682249144
68 62 -0.997642004
69 62 -0.00747289858
70 62 0
71 62 0
72 62 0
55 63 -0.0717311757
56 63 0.101857217
57 63 -0.992209528
58 63 0.101737881
59 63 -0.110133483
60 63 -0.0186610463
61 63 -1.06175718e-08
62 63 -2.92386707e-08
63 63 1.99999998
64 63 -0.174223343
65 63 0.126463579
66 63 1.73560301e-09
67 63 -0.108354381
68 63 3.65398969e-05
69 63 -0.994112326
70 63 0
71 63 0
72 63 0
55 64 0
56 64 0
57 64 0
58 64 -0.995953028
59 64 -0.00524856238
60 64 0.0717328337
61 64 -8.97145698e-10
62 64 0.00542025676
63 64 -0.174223343
64 64 2.02747633
65 64 -0.0222843249
66 64 -0.00117983578
67 64 0.0192476588
68 64 -0.00541384068
69 64 0.173157067
70 64 -0.99031057
71 64 -0.0684131293
72 64 0.10816549
55 65 0
56 65 0
57 65 0
58 65 -0.00183851795
59 65 -0.994774572
60 65 -0.101963289
61 65 -0.00542025466
62 65 -8.38457311e-10
63 65 0.126463579
64 65 -0.0222843249
65 65 2.0160006
66 65 -0.000987221793
67 65 -0.00832724432
68 65 0.000376629237
69 65 -0.126304912
70 65 0.0683456555
71 65 -0.997623767
72 65 -0.00746719683
55 66 0
56 66 0
57 66 0
58 66 -0.0714605857
59 66 0.101877616
60 66 -0.99217731
61 66 0.174223336
62 66 -0.126463581
63 66 1.73560301e-09
64 66 -0.00117983578
65 66 -0.000987221793
66 66 2.04626218
67 66 -0.18141718
68 66 0.114207911
69 66 0.019777962
70 66 -0.108127034
71 66 7.0799873e-05
72 66 -0.994101566
61 67 -0.991768447
62 67 0.0682249144
63 67 -0.108354381
64 67 0.0192476588
65 67 -0.00832724432
66 67 -0.18141718
67 67 2.00000005
68 67 1.71433435e-08
69 67 -1.14936795e-08
70 67 -6.92244572e-10
71 67 -0.0685688477
72 67 -0.0422629144
73 67 -0.991304961
74 67 0.066292052
75 67 -0.113665901
76 67 0
77 67 0
78 67 0
61 68 -0.0686329769
62 68 -0.997642004
63 68 3.65398969e-05
64 68 -0.00541384068
65 68 0.000376629237
66 68 0.114207911
67 68 1.71433435e-08
68 68 2.00000006
69 68 -1.57888754e-08
70 68 0.0685688431
71 68 7.03462042e-10
72 68 -0.310340125
73 68 -0.0653905714
74 68 -0.997791826
75 68 -0.0116453172
76 68 0
77 68 0
78 68 0
61 69 0.108096379
62 69 -0.00747289858
63 69 -0.994112326
64 69 0.173157067
65 69 -0.126304912
66 69 0.019777962
67 69 -1.14936795e-08
68 69 -1.57888754e-08
69 69 1.99999995
70 69 0.0422629119
71 69 0.310340105
72 69 -1.12174731e-11
73 69 0.1141869
74 69 0.00411138205
75 69 -0.993450775
76 69 0
77 69 0
78 69 0
61 70 0
62 70 0
63 70 0
64 70 -0.99031057
65 70 0.0683456555
66 70 -0.108127034
67 70 -6.92244572e-10
68 70 0.0685688431
69 70 0.0422629119
70 70 2.00357132
71 70 0.0126799068
72 70 -0.021374276
73 70 0.000342115363
74 70 -0.0682436698
75 70 -0.0427846298
76 70 -0.989852129
77 70 0.0664105434
78 70 -0.113472962
61 71 0
62 71 0
63 71 0
64 71 -0.0684131293
65 71 -0.997623767
66 71 7.0799873e-05
67 71 -0.0685688477
68 71 7.03462042e-10
69 71 0.310340105
70 71 0.0126799068
71 71 2.10094751
72 71 0.00288373084
73 71 0.103409407
74 71 -0.00326964238
75 71 -0.300513688
76 71 -0.0651753072
77 71 -0.997774261
78 71 -0.0116167317
61 72 0
62 72 0
63 72 0
64 72 0.10816549
65 72 -0.00746719683
66 72 -0.994101566
67 72 -0.0422629144
68 72 -0.310340125
69 72 -1.12174731e-11
70 72 -0.021374276
71 72 0.00288373084
72 72 2.09809346
73 72 0.062188753
74 72 0.306853134
75 72 0.0084178612
76 72 0.114212172
77 72 0.00411344223
78 72 -0.993447449
67 73 -0.991304961
68 73 -0.0653905714
69 73 0.1141869
70 73 0.000342115363
71 73 0.103409407
72 73 0.062188753
73 73 2.00000009
74 73 4.90142494e-09
75 73 3.73372768e-09
76 73 -7.78780491e-10
77 73 -0.281597478
78 73 -0.140384036
79 73 -0.997076145
80 73 0.0741611593
81 73 -0.0184224486
82 73 0
83 73 0
84 73 0
67 74 0.066292052
68 74 -0.997791826
69 74 0.00411138205
70 74 -0.0682436698
71 74 -0.00326964238
72 74 0.306853134
73 74 4.90142494e-09
74 74 2.00000004
75 74 -5.99014699e-10
76 74 0.28159747
77 74 1.13118745e-09
78 74 -0.367058726
79 74 -0.0753662175
80 74 -0.994191329
81 74 0.0768345368
82 74 0
83 74 0
84 74 0
67 75 -0.113665901
68 75 -0.0116453172
69 75 -0.993450775
70 75 -0.0427846298
71 75 -0.300513688
72 75 0.0084178612
73 75 3.73372768e-09
74 75 -5.99014699e-10
75 75 1.99999999
76 75 0.140384028
77 75 0.367058711
78 75 -3.52406958e-10
79 75 0.0126173006
80 75 -0.0779982851
81 75 -0.996873654
82 75 0
83 75 0
84 75 0
67 76 0
68 76 0
69 76 0
70 76 -0.989852129
71 76 -0.0651753072
72 76 0.114212172
73 76 -7.78780491e-10
74 76 0.28159747
75 76 0.140384028
76 76 2.09609989
77 76 0.0512895515
78 76 -0.103701771
79 76 -0.0194516684
80 76 -0.290911474
81 76 -0.118308732
82 76 -0.99561947
83 76 0.0741853127
84 76 -0.0182592287
67 77 0
68 77 0
69 77 0
70 77 0.0664105434
71 77 -0.997774261
72 77 0.00411344223
73 77 -0.281597478
74 77 1.13118745e-09
75 77 0.367058711
76 77 0.0512895515
77 77 2.21400953
78 77 0.0395038865
79 77 0.285405407
80 77 -0.0495135456
81 77 -0.360723456
82 77 -0.0752447099
83 77 -0.994189351
84 77 0.0768481294
67 78 0
68 78 0
69 78 0
70 78 -0.113472962
71 78 -0.0116167317
72 78 -0.993447449
73 78 -0.140384036
74 78 -0.367058726
75 78 -3.52406958e-10
76 78 -0.103701771
77 78 0.0395038865
78 78 2.15439953
79 78 0.167637397
80 78 0.354515557
81 78 -0.0256165694
82 78 0.012763819
83 78 -0.0779958816
84 78 -0.996857249
73 79 -0.997076145
74 79 -0.0753662175
75 79 0.0126173006
76 79 -0.0194516684
77 79 0.285405407
78 79 0.167637397
79 79 2.00000011
80 79 -4.86514655e-09
81 79 -3.58763043e-09
82 79 -1.67677048e-10
83 79 -0.0126689355
84 79 -0.0641946542
85 79 -0.996104451
86 79 0.0232715611
87 79 -0.0850559192
88 79 0
89 79 0
90 79 0
73 80 0.0741611593
74 80 -0.994191329
75 80 -0.0779982851
76 80 -0.290911474
77 80 -0.0495135456
78 80 0.354515557
79 80 -4.86514655e-09
80 80 2.00000005
81 80 -1.90088265e-08
82 80 0.0126689348
83 80 9.79634427e-10
84 80 -0.316504057
85 80 -0.021018026
86 80 -0.999406469
87 80 -0.0272948064
88 80 0
89 80 0
90 80 0
73 81 -0.0184224486
74 81 0.0768345368
75 81 -0.996873654
76 81 -0.118308732
77 81 -0.360723456
78 81 -0.0256165694
79 81 -3.58763043e-09
80 81 -1.90088265e-08
81 81 2.00000002
82 81 0.0641946489
83 81 0.316504032
84 81 -8.11957376e-10
85 81 0.0856406367
86 81 0.0254007728
87 81 -0.996002234
88 81 0
89 81 0
90 81 0
73 82 0
74 82 0
75 82 0
76 82 -0.99561947
77 82 -0.0752447099
78 82 0.012763819
79 82 -1.67677048e-10
80 82 0.0126689348
81 82 0.0641946489
82 82 2.00135609
83 82 0.0202633072
84 82 -0.00428722591
85 82 0.00523139479
86 82 -0.0110308209
87 82 -0.0642838117
88 82 -0.994653508
89 82 0.0232648836
90 82 -0.0848169849
73 83 0
74 83 0
75 83 0
76 83 0.0741853127
77 83 -0.994189351
78 83 -0.0779958816
79 83 -0.0126689355
80 83 9.79634427e-10
81 83 0.316504032
82 83 0.0202633072
83 83 2.10033436
84 83 0.000808221896
85 83 0.0397251892
86 83 0.00774462138
87 83 -0.314161165
88 83 -0.020987988
89 83 -0.999406617
90 83 -0.0272898653
73 84 0
74 84 0
75 84 0
76 84 -0.0182592287
77 84 0.0768481294
78 84 -0.996857249
79 84 -0.0641946542
80 84 -0.316504057
81 84 -8.11957376e-10
82 84 -0.00428722591
83 84 0.000808221896
84 84 2.10426865
85 84 0.0705968676
86 84 0.314822277
87 84 0.0140990516
88 84 0.0857533772
89 84 0.0254002479
90 84 -0.995983723
79 85 -0.996104451
80 85 -0.021018026
81 85 0.0856406367
82 85 0.00523139479
83 85 0.0397251892
84 85 0.0705968676
85 85 2.00000016
86 85 -1.34247647e-08
87 85 -8.73936512e-09
88 85 -3.77525989e-10
89 85 0.120356693
90 85 0.00229852011
91 85 -0.993010897
92 85 0.0858759992
93 85 -0.080961515
94 85 0
95 85 0
96 85 0
79 86 0.0232715611
80 86 -0.999406469
81 86 0.0254007728
82 86 -0.0110308209
83 86 0.00774462138
84 86 0.314822277
85 86 -1.34247647e-08
86 86 1.99999995
87 86 -1.07359625e-08
88 86 -0.120356681
89 86 -7.28953252e-11
90 86 -0.424017084
91 86 -0.0765280345
92 86 -0.990730276
93 86 -0.112235792
94 86 0
95 86 0
96 86 0
79 87 -0.0850559192
80 87 -0.0272948064
81 87 -0.996002234
82 87 -0.0642838117
83 87 -0.314161165
84 87 0.0140990516
85 87 -8.73936512e-09
86 87 -1.07359625e-08
87 87 1.99999998
88 87 -0.00229852117
89 87 0.424017099
90 87 4.50421315e-10
91 87 0.0898493924
92 87 0.105255515
93 87 -0.990377849
94 87 0
95 87 0
96 87 0
79 88 0
80 88 0
81 88 0
82 88 -0.994653508
83 88 -0.020987988
84 88 0.0857533772
85 88 -3.77525989e-10
86 88 -0.120356681
87 88 -0.00229852117
88 88 2.01160043
89 88 -0.000976260801
90 88 0.0506106044
91 88 0.00900414001
92 88 0.118999082
93 88 0.0157847328
94 88 -0.991582718
95 88 0.0857396766
96 88 -0.0806584684
79 89 0
80 89 0
81 89 0
82 89 0.0232648836
83 89 -0.999406617
84 89 0.0254002479
85 89 0.120356693
86 89 -7.28953252e-11
87 89 0.424017099
88 89 -0.000976260801
89 89 2.1942762
90 89 0.000276665423
91 89 -0.081417823
92 89 0.0549658896
93 89 -0.42968141
94 89 -0.0765199394
95 89 -0.990731105
96 89 -0.112234058
79 90 0
80 90 0
81 90 0
82 90 -0.0848169849
83 90 -0.0272898653
84 90 -0.995983723
85 90 0.00229852011
86 90 -0.424017084
87 90 4.50421315e-10
88 90 0.0506106044
89 90 0.000276665423
90 90 2.17973304
91 90 0.0301667391
92 90 0.420283973
93 90 0.0474038042
94 90 0.0900321946
95 90 0.105238092
96 90 -0.990339099
85 91 -0.993010897
86 91 -0.0765280345
87 91 0.0898493924
88 91 0.00900414001
89 91 -0.081417823
90 91 0.0301667391
91 91 2.00000001
92 91 -5.6960423e-09
93 91 1.15307775e-08
94 91 3.85642421e-09
95 91 -0.117133352
96 91 -0.250159624
97 91 -0.970868572
98 91 0.0597615408
99 91 -0.232040371
100 91 0
101 91 0
102 91 0
85 92 0.0858759992
86 92 -0.990730276
87 92 0.105255515
88 92 0.118999082
89 92 0.0549658896
90 92 0.420283973
91 92 -5.6960423e-09
92 92 1.99999989
93 92 1.99834511e-08
94 92 0.117133354
95 92 -1.62033412e-09
96 92 -0.433106887
97 92 -0.0450250587
98 92 -0.99664842
99 92 -0.0682977736
100 92 0
101 92 0
102 92 0
85 93 -0.080961515
86 93 -0.112235792
87 93 -0.990377849
88 93 0.0157847328
89 93 -0.42968141
90 93 0.0474038042
91 93 1.15307775e-08
92 93 1.99834511e-08
93 93 1.99999996
94 93 0.250159632
95 93 0.433106913
96 93 -2.2360901e-09
97 93 0.235344279
98 93 0.0558605508
99 93 -0.970305471
100 93 0
101 93 0
102 93 0
85 94 0
86 94 0
87 94 0
88 94 -0.991582718
89 94 -0.0765199394
90 94 0.0900321946
91 94 3.85642421e-09
92 94 0.117133354
93 94 0.250159632
94 94 2.0734605
95 94 0.10858805
96 94 -0.0512801029
97 94 0.0535997009
98 94 -0.102766724
99 94 -0.250731204
100 94 -0.969537246
101 94 0.0595536559
102 94 -0.231470487
85 95 0
86 95 0
87 95 0
88 95 0.0857396766
89 95 -0.990731105
90 95 0.105238092
91 95 -0.117133352
92 95 -1.62033412e-09
93 95 0.433106913
94 95 0.10858805
95 95 2.20128089
96 95 0.0293493757
97 95 0.215650331
98 95 0.0171935203
99 95 -0.393066335
100 95 -0.0451253986
101 95 -0.996632802
102 95 -0.0683407456
85 96 0
86 96 0
87 96 0
88 96 -0.0806584684
89 96 -0.112234058
90 96 -0.990339099
91 96 -0.250159624
92 96 -0.433106887
93 96 -2.2360901e-09
94 96 -0.0512801029
95 96 0.0293493757
96 96 2.25005433
97 96 0.262372786
98 96 0.416705391
99 96 0.0876273706
100 96 0.235577013
101 96 0.055824189
102 96 -0.970205804
91 97 -0.970868572
92 97 -0.0450250587
93 97 0.235344279
94 97 0.0535997009
95 97 0.215650331
96 97 0.262372786
97 97 2.00000003
98 97 -3.14834072e-09
99 97 -2.96407377e-08
100 97 -2.6518405e-09
101 97 -0.209874905
102 97 -0.266191782
103 97 -0.983855136
104 97 0.13744206
105 97 -0.11462522
106 97 0
107 97 0
108 97 0
91 98 0.0597615408
92 98 -0.99664842
93 98 0.0558605508
94 98 -0.102766724
95 98 0.0171935203
96 98 0.416705391
97 98 -3.14834072e-09
98 98 2.00000002
99 98 -1.20144339e-08
100 98 0.209874908
101 98 3.21116733e-09
102 98 -0.39502325
103 98 -0.12197055
104 98 -0.983644122
105 98 -0.132542707
106 98 0
107 98 0
108 98 0
91 99 -0.232040371
92 99 -0.0682977736
93 99 -0.970305471
94 99 -0.250731204
95 99 -0.393066335
96 99 0.0876273706
97 99 -2.96407377e-08
98 99 -1.20144339e-08
99 99 2.00000005
100 99 0.266191789
101 99 0.395023249
102 99 -5.59326828e-10
103 99 0.130967413
104 99 0.11642196
105 99 -0.984527096
106 99 0
107 99 0
108 99 0
91 100 0
92 100 0
93 100 0
94 100 -0.969537246
95 100 -0.0451253986
96 100 0.235577013
97 100 -2.6518405e-09
98 100 0.209874908
99 100 0.266191789
100 100 2.11238313
101 100 0.10550976
102 100 -0.0839349821
103 100 0.00926389189
104 100 -0.175451641
105 100 -0.289890406
106 100 -0.982672554
107 100 0.137043932
108 100 -0.114005517
91 101 0
92 101 0
93 101 0
94 101 0.0595536559
95 101 -0.996632802
96 101 0.055824189
97 101 -0.209874905
98 101 3.21116733e-09
99 101 0.395023249
100 101 0.10550976
101 101 2.20003968
102 101 0.0560137491
103 101 0.258221667
104 101 0.0171437409
105 101 -0.364854122
106 101 -0.122122107
107 101 -0.983593096
108 101 -0.132622207
91 102 0
92 102 0
93 102 0
94 102 -0.231470487
95 102 -0.0683407456
96 102 -0.970205804
97 102 -0.266191782
98 102 -0.39502325
99 102 -5.59326828e-10
100 102 -0.0839349821
101 102 0.0560137491
102 102 2.22648032
103 102 0.31007535
104 102 0.351976336
105 102 0.0828697399
106 102 0.131427489
107 102 0.116266988
108 102 -0.984285976
97 103 -0.983855136
98 103 -0.12197055
99 103 0.130967413
100 103 0.00926389189
101 103 0.258221667
102 103 0.31007535
103 103 2.00000014
104 103 1.92432667e-08
105 103 -4.49510872e-08
106 103 3.60970638e-10
107 103 0.0478854528
108 103 -0.13787801
109 103 0.021140559
110 103 -0.825737333
111 103 -0.563658579
112 103 0
113 103 0
114 103 0
97 104 0.13744206
98 104 -0.983644122
99 104 0.11642196
100 104 -0.175451641
101 104 0.0171437409
102 104 0.351976336
103 104 1.92432667e-08
104 104 2.00000008
105 104 -5.27733276e-08
106 104 -0.0478854545
107 104 -1.9697043e-09
108 104 -0.492906646
109 104 -0.303194746
110 104 -0.542529424
111 104 0.783412337
112 104 0
113 104 0
114 104 0
97 105 -0.11462522
98 105 -0.132542707
99 105 -0.984527096
100 105 -0.289890406
101 105 -0.364854122
102 105 0.0828697399
103 105 -4.49510872e-08
104 105 -5.27733276e-08
105 105 2.00000009
106 105 0.137878022
107 105 0.492906663
108 105 1.60873366e-09
109 105 0.952694134
110 105 -0.15433648
111 105 0.261828576
112 105 0
113 105 0
114 105 0
97 106 0
98 106 0
99 106 0
100 106 -0.982672554
101 106 -0.122122107
102 106 0.131427489
103 106 3.60970638e-10
104 106 -0.0478854545
105 106 0.137878022
106 106 1.90063723
107 106 -0.181657104
108 106 0.111132211
109 106 0.145874199
110 106 0.00469966005
111 106 -0.00141365065
112 106 0.178336201
113 106 -0.604967803
114 106 -0.669028986
97 107 0
98 107 0
99 107 0
100 107 0.137043932
101 107 -0.983593096
102 107 0.116266988
103 107 0.0478854528
104 107 -1.9697043e-09
105 107 0.492906663
106 107 -0.181657104
107 107 1.72254107
108 107 0.177755795
109 107 0.470601607
110 107 -0.115614287
111 107 0.102066001
112 107 0.0254204075
113 107 -0.0810142431
114 107 0.563137278
97 108 0
98 108 0
99 108 0
100 108 -0.114005517
101 108 -0.132622207
102 108 -0.984285976
103 108 -0.13787801
104 108 -0.492906646
105 108 1.60873366e-09
106 108 0.111132211
107 108 0.177755795
108 108 2.19676664
109 108 0.14653189
110 108 0.381267394
111 108 -0.308433028
112 108 0.836885611
113 108 -0.316981003
114 108 0.339456549
103 109 0.021140559
104 109 -0.303194746
105 109 0.952694134
106 109 0.145874199
107 109 0.470601607
108 109 0.14653189
109 109 2.00000035
110 109 1.35726683e-08
111 109 -1.57585422e-07
112 109 5.26694602e-06
113 109 124.552789
114 109 -9.91109327
115 109 0.298149343
116 109 0.802492915
117 109 -0.516829437
118 109 0
119 109 0
120 109 0
103 110 -0.825737333
104 110 -0.542529424
105 110 -0.15433648
106 110 0.00469966005
107 110 -0.115614287
108 110 0.381267394
109 110 1.35726683e-08
110 110 2.00000039
111 110 -1.01218158e-07
112 110 -124.552792
113 110 -7.53305502e-06
114 110 -9.27029643
115 110 -0.834851032
116 110 0.48173053
117 110 0.266383959
118 110 0
119 110 0
120 110 0
103 111 -0.563658579
104 111 0.783412337
105 111 0.261828576
106 111 -0.00141365065
107 111 0.102066001
108 111 -0.308433028
109 111 -1.57585422e-07
110 111 -1.01218158e-07
111 111 2.00000027
112 111 9.91110459
113 111 9.27027852
114 111 2.26610899e-06
115 111 -0.462743594
116 111 -0.352053618
117 111 -0.813589274
118 111 0
119 111 0
120 111 0
103 112 0
104 112 0
105 112 0
106 112 0.178336201
107 112 0.0254204075
108 112 0.836885611
109 112 5.26694602e-06
110 112 -124.552792
111 112 9.91110459
112 112 15613.358
113 112 91.6274278
114 112 1154.79135
115 112 99.3967039
116 112 -63.4901011
117 112 -41.2424139
118 112 0.243273066
119 112 0.769398162
120 112 -0.48583787
103 113 0
104 113 0
105 113 0
106 113 -0.604967803
107 113 -0.0810142431
108 113 -0.316981003
109 113 124.552789
110 113 -7.53305502e-06
111 113 9.27027852
112 113 91.6274278
113 113 15600.8992
114 113 -1234.26709
115 113 32.8455534
116 113 96.6890644
117 113 -71.9147434
118 113 -0.79935145
119 113 0.503139462
120 113 0.246335229
103 114 0
104 114 0
105 114 0
106 114 -0.669028986
107 114 0.563137278
108 114 0.339456549
109 114 -9.91109327
110 114 -9.27029643
111 114 2.26610899e-06
112 114 1154.79135
113 114 -1234.26709
114 114 186.072904
115 114 4.78432955
116 114 -12.4193643
117 114 2.65288593
118 114 -0.451728614
119 114 -0.345410364
120 114 -0.819810084
109 115 0.298149343
110 115 -0.834851032
111 115 -0.462743594
112 115 99.3967039
113 115 32.8455534
114 115 4.78432955
115 115 2.00000064
116 115 -8.38800515e-09
117 115 8.22656558e-08
118 115 -2.98972153e-07
119 115 -95.5527774
120 115 0.90118095
121 115 -0.968882655
122 115 0.229959791
123 115 0.0915716553
124 115 0
125 115 0
126 115 0
109 116 0.802492915
110 116 0.48173053
111 116 -0.352053618
112 116 -63.4901011
113 116 96.6890644
114 116 -12.4193643
115 116 -8.38800515e-09
116 116 2.00000059
117 116 2.82364843e-07
118 116 95.5527783
119 116 4.492416e-07
120 116 42.669953
121 116 -0.218260349
122 116 -0.968219606
123 116 0.122120541
124 116 0
125 116 0
126 116 0
109 117 -0.516829437
110 117 0.266383959
111 117 -0.813589274
112 117 -41.2424139
113 117 -71.9147434
114 117 2.65288593
115 117 8.22656558e-08
116 117 2.82364843e-07
117 117 2.00000048
118 117 -0.901181501
119 117 -42.6699565
120 117 -1.50269444e-07
121 117 -0.116744531
122 117 -0.0983341508
123 117 -0.988282108
124 117 0
125 117 0
126 117 0
109 118 0
110 118 0
111 118 0
112 118 0.243273066
113 118 -0.79935145
114 118 -0.451728614
115 118 -2.98972153e-07
116 118 95.5527783
117 118 -0.901181501
118 118 9133.09413
119 118 38.4252037
120 118 4077.26073
121 118 -20.7501751
122 118 -92.4274576
123 118 12.5595782
124 118 -0.968927364
125 118 0.227394193
126 118 0.09257909
109 119 0
110 119 0
111 119 0
112 119 0.769398162
113 119 0.503139462
114 119 -0.345410364
115 119 -95.5527774
116 119 4.492416e-07
117 119 -42.6699565
118 119 38.4252037
119 119 10953.0249
120 119 -86.0886858
121 119 97.5609144
122 119 -17.7773835
123 119 33.4200255
124 119 -0.21800263
125 119 -0.953444177
126 119 0.116319948
109 120 0
110 120 0
111 120 0
112 120 -0.48583787
113 120 0.246335229
114 120 -0.819810084
115 120 0.90118095
116 120 42.669953
117 120 -1.50269444e-07
118 120 4077.26073
119 120 -86.0886858
120 120 1823.51954
121 120 -10.1862977
122 120 -41.1066502
123 120 5.29340044
124 120 -0.116817014
125 120 -0.102500554
126 120 -0.986646391
115 121 -0.968882655
116 121 -0.218260349
117 121 -0.116744531
118 121 -20.7501751
119 121 97.5609144
120 121 -10.1862977
121 121 2.00000054
122 121 -1.32008752e-07
123 121 2.51006263e-07
124 121 -2.83989816e-07
125 121 -169.442751
126 121 52.271704
127 121 -0.936622793
128 121 0.213233429
129 121 0.277974578
130 121 0
131 121 0
132 121 0
115 122 0.229959791
116 122 -0.968219606
117 122 -0.0983341508
118 122 -92.4274576
119 122 -17.7773835
120 122 -41.1066502
121 122 -1.32008752e-07
122 122 2.00000034
123 122 1.70747922e-07
124 122 169.442747
125 122 -4.1103164e-07
126 122 -48.9162717
127 122 -0.197015143
128 122 -0.976676618
129 122 0.0853713941
130 122 0
131 122 0
132 122 0
115 123 0.0915716553
116 123 0.122120541
117 123 -0.988282108
118 123 12.5595782
119 123 33.4200255
120 123 5.29340044
121 123 2.51006263e-07
122 123 1.70747922e-07
123 123 2.0000003
124 123 -52.2717041
125 123 48.9162711
126 123 6.95021455e-07
127 123 -0.289695291
128 123 -0.0251957161
129 123 -0.956787394
130 123 0
131 123 0
132 123 0
115 124 0
116 124 0
117 124 0
118 124 -0.968927364
119 124 -0.21800263
120 124 -0.116817014
121 124 -2.83989816e-07
122 124 169.442747
123 124 -52.2717041
124 124 31445.1736
125 124 -2556.9435
126 124 -8288.50391
127 124 -18.2399206
128 124 -164.173743
129 124 64.4784683
130 124 -0.9352486
131 124 0.219214121
132 124 0.273943551
115 125 0
116 125 0
117 125 0
118 125 0.227394193
119 125 -0.953444177
120 125 -0.102500554
121 125 -169.442751
122 125 -4.1103164e-07
123 125 48.9162711
124 125 -2556.9435
125 125 31105.5949
126 125 -8857.03634
127 125 144.533122
128 125 -37.3633377
129 125 -93.9032465
130 125 -0.189180007
131 125 -0.942573173
132 125 0.0623857526
115 126 0
116 126 0
117 126 0
118 126 0.09257909
119 126 0.116319948
120 126 -0.986646391
121 126 52.271704
122 126 -48.9162717
123 126 6.95021455e-07
124 126 -8288.50391
125 126 -8857.03634
126 126 5127.12061
127 126 -39.3216209
128 126 58.9214522
129 126 10.3541539
130 126 -0.293710043
131 126 -0.0426700987
132 126 -0.945009718
121 127 -0.936622793
122 127 -0.197015143
123 127 -0.289695291
