# name: debug
# type: sparse matrix
# nnz: 900
# rows: 54
# columns: 54

1 1 -0.102566784
2 1 0.230445552
3 1 0.345264224
4 1 -0.86343975
5 1 -0.0701019442
6 1 0.0386040467
7 1 0.0763849589
8 1 -0.372160436
9 1 -0.375368511
10 1 0
11 1 0
12 1 0
1 2 0.230445552
2 2 -0.463405044
3 2 0.379687825
4 2 0.0254018271
5 2 -0.15260072
6 2 -0.0867350082
7 2 0
8 2 0
9 2 0
10 2 0
11 2 0
12 2 0
1 3 0.345264224
2 3 0.379687825
3 3 1.22996699
4 3 -2.91722988
5 3 -0.407223108
6 3 0.267568474
7 3 0.20389217
8 3 -0.993397128
9 3 -1.00196035
10 3 0.66425259
11 3 -0.0581231842
12 3 -0.0867887562
1 4 -0.86343975
2 4 0.0254018271
3 4 -2.91722988
4 4 4.73837842
5 4 -0.75091789
6 4 -0.835127302
7 4 0.0977179993
8 4 1.67664887
9 4 1.83935634
10 4 -0.85531408
11 4 0.171418649
12 4 -0.280470085
1 5 -0.0701019442
2 5 -0.15260072
3 5 -0.407223108
4 5 -0.75091789
5 5 -0.18058676
6 5 0.297440452
7 5 0.162040559
8 5 -0.726930801
9 5 -0.728888814
10 5 -0.117777848
11 5 0.0357513198
12 5 -0.0879518048
1 6 0.0386040467
2 6 -0.0867350082
3 6 0.267568474
4 6 -0.835127302
5 6 0.297440452
6 6 0.327930784
7 6 -0.0164396715
8 6 -0.626139477
9 6 -0.680173679
10 6 -0.0646273899
11 6 -0.0248635862
12 6 0.132386884
1 7 0.0763849589
2 7 0
3 7 0.20389217
4 7 0.0977179993
5 7 0.162040559
6 7 -0.0164396715
7 7 -0.0445029501
8 7 0.216825898
9 7 -0.510603484
10 7 2.02251043
11 7 0.0308323885
12 7 -0.0124127047
13 7 0.0678546065
14 7 -0.725975887
15 7 -0.0151980053
16 7 0
17 7 0
18 7 0
1 8 -0.372160436
2 8 0
3 8 -0.993397128
4 8 1.67664887
5 8 -0.726930801
6 8 -0.626139477
7 8 0.216825898
8 8 0.669321007
9 8 0.675090648
10 8 -0.462869505
11 8 0.040501836
12 8 0.0604767963
13 8 0
14 8 0
15 8 0
16 8 0
17 8 0
18 8 0
1 9 -0.375368511
2 9 0
3 9 -1.00196035
4 9 1.83935634
5 9 -0.728888814
6 9 -0.680173679
7 9 -0.510603484
8 9 0.675090648
9 9 -0.538017013
10 9 3.08489884
11 9 0.310452186
12 9 -0.118127675
13 9 0.124563069
14 9 -1.33269926
15 9 -0.0278995087
16 9 -0.109131353
17 9 -0.186866457
18 9 -0.156644148
1 10 0
2 10 0
3 10 0.66425259
4 10 -0.85531408
5 10 -0.117777848
6 10 -0.0646273899
7 10 2.02251043
8 10 -0.462869505
9 10 3.08489884
10 10 -8.37381909
11 10 1.52481076
12 10 -1.1758968
13 10 0.355263267
14 10 3.12745572
15 10 -0.397944426
16 10 0.280458607
17 10 0.493066945
18 10 0.400723112
1 11 0
2 11 0
3 11 -0.0581231842
4 11 0.171418649
5 11 0.0357513198
6 11 -0.0248635862
7 11 0.0308323885
8 11 0.040501836
9 11 0.310452186
10 11 1.52481076
11 11 0.719687061
12 11 -0.591379449
13 11 -0.0229901848
14 11 2.08582455
15 11 -0.0793951752
16 11 -0.112079453
17 11 -0.00201150417
18 11 -0.188091032
1 12 0
2 12 0
3 12 -0.0867887562
4 12 -0.280470085
5 12 -0.0879518048
6 12 0.132386884
7 12 -0.0124127047
8 12 0.0604767963
9 12 -0.118127675
10 12 -1.1758968
11 12 -0.591379449
12 12 1.59546547
13 12 -0.358897305
14 12 -1.61074119
15 12 0.330849284
16 12 0.106834662
17 12 0.0109080286
18 12 0.178000795
7 13 0.0678546065
8 13 0
9 13 0.124563069
10 13 0.355263267
11 13 -0.0229901848
12 13 -0.358897305
13 13 -0.0664277616
14 13 0.710710084
15 13 0.586482412
16 13 -0.294002192
17 13 -0.0761652511
18 13 0.0145743173
19 13 0.468347945
20 13 0.243090094
21 13 0.219746437
22 13 0
23 13 0
24 13 0
7 14 -0.725975887
8 14 0
9 14 -1.33269926
10 14 3.12745572
11 14 2.08582455
12 14 -1.61074119
13 14 0.710710084
14 14 -1.26293847
15 14 -0.0264390952
16 14 -0.108634168
17 14 -0.186015124
18 14 -0.155930503
19 14 0
20 14 0
21 14 0
22 14 0
23 14 0
24 14 0
7 15 -0.0151980053
8 15 0
9 15 -0.0278995087
10 15 -0.397944426
11 15 -0.0793951752
12 15 0.330849284
13 15 0.586482412
14 15 -0.0264390952
15 15 -0.231818667
16 15 0.164446615
17 15 -0.328596569
18 15 0.0574623824
19 15 -0.182213891
20 15 -0.0945758224
21 15 -0.0854938169
22 15 -0.0519254262
23 15 0.347040477
24 15 -0.115275147
7 16 0
8 16 0
9 16 -0.109131353
10 16 0.280458607
11 16 -0.112079453
12 16 0.106834662
13 16 -0.294002192
14 16 -0.108634168
15 16 0.164446615
16 16 0.112350762
17 16 0.328747558
18 16 0.125131572
19 16 -0.106549584
20 16 -0.0716060611
21 16 -0.105337843
22 16 0.0398848583
23 16 -0.17213695
24 16 0.0791561738
7 17 0
8 17 0
9 17 -0.186866457
10 17 0.493066945
11 17 -0.00201150417
12 17 0.0109080286
13 17 -0.0761652511
14 17 -0.186015124
15 17 -0.328596569
16 17 0.328747558
17 17 -0.677322011
18 17 -0.113084042
19 17 1.2781151
20 17 0.738284571
21 17 0.853940717
22 17 -0.0829563822
23 17 -0.150280792
24 17 -0.114098493
7 18 0
8 18 0
9 18 -0.156644148
10 18 0.400723112
11 18 -0.188091032
12 18 0.178000795
13 18 0.0145743173
14 18 -0.155930503
15 18 0.0574623824
16 18 0.125131572
17 18 -0.113084042
18 18 0.307506082
19 18 0.23890537
20 18 0.0485393124
21 18 -0.144085578
22 18 0.015380113
23 18 0.0157211178
24 18 0.0223609651
13 19 0.468347945
14 19 0
15 19 -0.182213891
16 19 -0.106549584
17 19 1.2781151
18 19 0.23890537
19 19 0.0657926081
20 19 0.0341488235
21 19 0.516970502
22 19 0.25923948
23 19 0.604751388
24 19 -0.0944515418
25 19 -0.374651681
26 19 -0.0372179918
27 19 -0.30748182
28 19 0
29 19 0
30 19 0
13 20 0.243090094
14 20 0
15 20 -0.0945758224
16 20 -0.0716060611
17 20 0.738284571
18 20 0.0485393124
19 20 0.0341488235
20 20 -0.0610174466
21 20 -0.0551580127
22 20 -0.0220826953
23 20 0.147588372
24 20 -0.0490238816
25 20 0
26 20 0
27 20 0
28 20 0
29 20 0
30 20 0
13 21 0.219746437
14 21 0
15 21 -0.0854938169
16 21 -0.105337843
17 21 0.853940717
18 21 -0.144085578
19 21 0.516970502
20 21 -0.0551580127
21 21 -0.487407303
22 21 -0.340805976
23 21 0.260199311
24 21 -0.0480709364
25 21 0.200578754
26 21 0.0199255437
27 21 0.16461776
28 21 0.0115816871
29 21 -0.336427283
30 21 0.0325458027
13 22 0
14 22 0
15 22 -0.0519254262
16 22 0.0398848583
17 22 -0.0829563822
18 22 0.015380113
19 22 0.25923948
20 22 -0.0220826953
21 22 -0.340805976
22 22 -0.362836272
23 22 0.151969175
24 22 -0.138665337
25 22 0.219582392
26 22 0.0775442335
27 22 0.288071524
28 22 0.0734301298
29 22 -0.201236365
30 22 0.0282952423
13 23 0
14 23 0
15 23 0.347040477
16 23 -0.17213695
17 23 -0.150280792
18 23 0.0157211178
19 23 0.604751388
20 23 0.147588372
21 23 0.260199311
22 23 0.151969175
23 23 0.930784868
24 23 0.158127351
25 23 -0.437719514
26 23 0.0242534139
27 23 -0.22815031
28 23 -0.116431099
29 23 -0.236032726
30 23 0.0062996548
13 24 0
14 24 0
15 24 -0.115275147
16 24 0.0791561738
17 24 -0.114098493
18 24 0.0223609651
19 24 -0.0944515418
20 24 -0.0490238816
21 24 -0.0480709364
22 24 -0.138665337
23 24 0.158127351
24 24 -0.134578144
25 24 0.157373427
26 24 0.0993250366
27 24 0.291128665
28 24 0.001561534
29 24 0.000179798988
30 24 0.000190710764
19 25 -0.374651681
20 25 0
21 25 0.200578754
22 25 0.219582392
23 25 -0.437719514
24 25 0.157373427
25 25 0.0603500569
26 25 0.00599518977
27 25 0.935327235
28 25 0.610811549
29 25 0.677618761
30 25 -0.025083966
31 25 -0.441890704
32 25 -0.541432902
33 25 -0.544260572
34 25 0
35 25 0
36 25 0
19 26 -0.0372179918
20 26 0
21 26 0.0199255437
22 26 0.0775442335
23 26 0.0242534139
24 26 0.0993250366
25 26 0.00599518977
26 26 -0.020703072
27 26 -0.171041422
28 26 -0.000886744071
29 26 0.0257583283
30 26 -0.00249184746
31 26 0
32 26 0
33 26 0
34 26 0
35 26 0
36 26 0
19 27 -0.30748182
20 27 0
21 27 0.16461776
22 27 0.288071524
23 27 -0.22815031
24 27 0.291128665
25 27 0.935327235
26 27 -0.171041422
27 27 -0.931502346
28 27 -0.0299411462
29 27 -0.413244323
30 27 0.0650694269
31 27 0.315086156
32 27 0.386063818
33 27 0.388080062
34 27 -0.266422715
35 27 0.368407404
36 27 -0.289589532
19 28 0
20 28 0
21 28 0.0115816871
22 28 0.0734301298
23 28 -0.116431099
24 28 0.001561534
25 28 0.610811549
26 28 -0.000886744071
27 28 -0.0299411462
28 28 -0.0368875826
29 28 -0.159744721
30 28 0.203531697
31 28 0.28107698
32 28 0.110214478
33 28 0.192900837
34 28 -0.187073654
35 28 0.0860742778
36 28 -0.097001396
19 29 0
20 29 0
21 29 -0.336427283
22 29 -0.201236365
23 29 -0.236032726
24 29 0.000179798988
25 29 0.677618761
26 29 0.0257583283
27 29 -0.413244323
28 29 -0.159744721
29 29 -0.491989695
30 29 0.304445053
31 29 0.697032371
32 29 0.225835608
33 29 0.447286905
34 29 -0.125293353
35 29 0.308189614
36 29 -0.219317215
19 30 0
20 30 0
21 30 0.0325458027
22 30 0.0282952423
23 30 0.0062996548
24 30 0.000190710764
25 30 -0.025083966
26 30 -0.00249184746
27 30 0.0650694269
28 30 0.203531697
29 30 0.304445053
30 30 -0.0606540345
31 30 0.257866226
32 30 0.467666397
33 30 0.41691365
34 30 -0.000137698615
35 30 -0.035072381
36 30 0.0215745802
25 31 -0.441890704
26 31 0
27 31 0.315086156
28 31 0.28107698
29 31 0.697032371
30 31 0.257866226
31 31 0.195419177
32 31 0.239440141
33 31 -0.564500479
34 31 0.59166308
35 31 -0.996937313
36 31 0.144465274
37 31 -0.578896165
38 31 -0.36767239
39 31 0.421934844
40 31 0
41 31 0
42 31 0
25 32 -0.541432902
26 32 0
27 32 0.386063818
28 32 0.110214478
29 32 0.225835608
30 32 0.467666397
31 32 0.239440141
32 32 -0.561175292
33 32 -0.564106068
34 32 0.162847702
35 32 -0.225184625
36 32 0.177008142
37 32 0
38 32 0
39 32 0
40 32 0
41 32 0
42 32 0
25 33 -0.544260572
26 33 0
27 33 0.388080062
28 33 0.192900837
29 33 0.447286905
30 33 0.41691365
31 33 -0.564500479
32 33 -0.564106068
33 33 -0.0779774914
34 33 0.171041061
35 33 0.241354248
36 33 0.604890001
37 33 0.1350744
38 33 0.085789353
39 33 -0.0984504636
40 33 0.261480046
41 33 0.00467874611
42 33 -0.451947235
25 34 0
26 34 0
27 34 -0.266422715
28 34 -0.187073654
29 34 -0.125293353
30 34 -0.000137698615
31 34 0.59166308
32 34 0.162847702
33 34 0.171041061
34 34 0.208680856
35 34 -0.257166446
36 34 -0.417824863
37 34 -0.140249413
38 34 -0.229165296
39 34 0.309951538
40 34 -0.178442541
41 34 -0.102771743
42 34 0.137672382
25 35 0
26 35 0
27 35 0.368407404
28 35 0.0860742778
29 35 0.308189614
30 35 -0.035072381
31 35 -0.996937313
32 35 -0.225184625
33 35 0.241354248
34 35 -0.257166446
35 35 0.867128592
36 35 0.0288864324
37 35 0.795558768
38 35 -0.152232174
39 35 0.395131671
40 35 0.19245827
41 35 -0.238555994
42 35 -0.747613843
25 36 0
26 36 0
27 36 -0.289589532
28 36 -0.097001396
29 36 -0.219317215
30 36 0.0215745802
31 36 0.144465274
32 36 0.177008142
33 36 0.604890001
34 36 -0.417824863
35 36 0.0288864324
36 36 -0.11059728
37 36 -0.239183476
38 36 -0.182179709
39 36 0.219213843
40 36 -0.109983181
41 36 -0.373660638
42 36 -0.44725708
31 37 -0.578896165
32 37 0
33 37 0.1350744
34 37 -0.140249413
35 37 0.795558768
36 37 -0.239183476
37 37 0.493615453
38 37 0.313508336
39 37 -0.115894958
40 37 0.321185173
41 37 0.00480593354
42 37 -0.324929718
43 37 -0.204900068
44 37 0.0766423952
45 37 -0.107797919
46 37 0
47 37 0
48 37 0
31 38 -0.36767239
32 38 0
33 38 0.085789353
34 38 -0.229165296
35 38 -0.152232174
36 38 -0.182179709
37 38 0.313508336
38 38 -0.0848113632
39 38 0.0973281385
40 38 0.119398975
41 38 0.00213644405
42 38 -0.206371528
43 38 0
44 38 0
45 38 0
46 38 4.94065646e-324
47 38 0
48 38 -1.97626258e-323
31 39 0.421934844
32 39 0
33 39 -0.0984504636
34 39 0.309951538
35 39 0.395131671
36 39 0.219213843
37 39 -0.115894958
38 39 0.0973281385
39 39 -0.0039149703
40 39 -0.171523103
41 39 0.411037316
42 39 0.331317189
43 39 -0.182325811
44 39 0.0681985465
45 39 -0.0959216028
46 39 0.107489624
47 39 -0.0251561668
48 39 -0.435970668
31 40 0
32 40 0
33 40 0.261480046
34 40 -0.178442541
35 40 0.19245827
36 40 -0.109983181
37 40 0.321185173
38 40 0.119398975
39 40 -0.171523103
40 40 -0.203105384
41 40 0.312406147
42 40 -0.102461063
43 40 0.677207809
44 40 0.354769941
45 40 0.0385020214
46 40 0.164803712
47 40 -0.295692743
48 40 -0.169195447
31 41 0
32 41 0
33 41 0.00467874611
34 41 -0.102771743
35 41 -0.238555994
36 41 -0.373660638
37 41 0.00480593354
38 41 0.00213644405
39 41 0.411037316
40 41 0.312406147
41 41 -0.130364029
42 41 0.754164195
43 41 0.537292093
44 41 0.16539626
45 41 0.0912075926
46 41 -0.285173585
47 41 0.75937286
48 41 -0.188189586
31 42 0
32 42 0
33 42 -0.451947235
34 42 0.137672382
35 42 -0.747613843
36 42 -0.44725708
37 42 -0.324929718
38 42 -0.206371528
39 42 0.331317189
40 42 -0.102461063
41 42 0.754164195
42 42 0.326039006
43 42 -0.548198881
44 42 -0.30646684
45 42 -0.0210912255
46 42 -0.0655151025
47 42 0.174102645
48 42 -0.0425471374
37 43 -0.204900068
38 43 0
39 43 -0.182325811
40 43 0.677207809
41 43 0.537292093
42 43 -0.548198881
43 43 0.248203689
44 43 -0.0928400141
45 43 -0.311839882
46 43 0.818067345
47 43 0.315348945
48 43 0.366285265
49 43 -0.244763592
50 43 -0.274486881
51 43 0.245933047
52 43 0
53 43 0
54 43 0
37 44 0.0766423952
38 44 0
39 44 0.0681985465
40 44 0.354769941
41 44 0.16539626
42 44 -0.30646684
43 44 -0.0928400141
44 44 -0.0428601532
45 44 0.0602830235
46 44 0.0337796921
47 44 -0.00790557766
48 44 -0.137008154
49 44 0
50 44 0
51 44 0
52 44 0
53 44 0
54 44 0
37 45 -0.107797919
38 45 0
39 45 -0.0959216028
40 45 0.0385020214
41 45 0.0912075926
42 45 -0.0210912255
43 45 -0.311839882
44 45 0.0602830235
45 45 0.236379744
46 45 -0.510799938
47 45 0.0194287404
48 45 0.246586321
49 45 0.124318256
50 45 0.139415058
51 45 -0.124912236
52 45 0.147712651
53 45 -0.0713826084
54 45 -0.0295938655
37 46 0
38 46 4.94065646e-324
39 46 0.107489624
40 46 0.164803712
41 46 -0.285173585
42 46 -0.0655151025
43 46 0.818067345
44 46 0.0337796921
45 46 -0.510799938
46 46 1.22461386
47 46 0.263999619
48 46 -0.143816504
49 46 -0.352822943
50 46 -0.395549912
51 46 0.344334642
52 46 -0.304801705
53 46 0.147462726
54 46 0.0639352455
37 47 0
38 47 0
39 47 -0.0251561668
40 47 -0.295692743
41 47 0.75937286
42 47 0.174102645
43 47 0.315348945
44 47 -0.00790557766
45 47 0.0194287404
46 47 0.263999619
47 47 0.786281294
48 47 -1.17508633
49 47 1.40809733
50 47 1.57002255
51 47 -0.637424894
52 47 0.0268970482
53 47 -0.0267062698
54 47 -0.241833975
37 48 0
38 48 -1.97626258e-323
39 48 -0.435970668
40 48 -0.169195447
41 48 -0.188189586
42 48 -0.0425471374
43 48 0.366285265
44 48 -0.137008154
45 48 0.246586321
46 48 -0.143816504
47 48 -1.17508633
48 48 0.102804733
49 48 -0.494388707
50 48 -0.555464444
51 48 0.585791512
52 48 0.0427421855
53 48 -0.0253378642
54 48 -0.0893304064
43 49 -0.244763592
44 49 0
45 49 0.124318256
46 49 -0.352822943
47 49 1.40809733
48 49 -0.494388707
49 49 0.161043082
50 49 0.180599627
51 49 -0.161812529
52 49 0.0817202942
53 49 -0.0394915921
54 49 -0.0163724595
43 50 -0.274486881
44 50 0
45 50 0.139415058
46 50 -0.395549912
47 50 1.57002255
48 50 -0.555464444
49 50 0.180599627
50 50 0.198656334
51 50 -0.177990865
52 50 0.0916441393
53 50 -0.0442873218
54 50 -0.0183606774
43 51 0.245933047
44 51 0
45 51 -0.124912236
46 51 0.344334642
47 51 -0.637424894
48 51 0.585791512
49 51 -0.161812529
50 51 -0.177990865
51 51 -0.134989241
52 51 -0.0821107454
53 51 0.0396802789
54 51 0.0164506854
43 52 0
44 52 0
45 52 0.147712651
46 52 -0.304801705
47 52 0.0268970482
48 52 0.0427421855
49 52 0.0817202942
50 52 0.0916441393
51 52 -0.0821107454
52 52 0.117170254
53 52 -0.0694593398
54 52 -0.244883744
43 53 0
44 53 0
45 53 -0.0713826084
46 53 0.147462726
47 53 -0.0267062698
48 53 -0.0253378642
49 53 -0.0394915921
50 53 -0.0442873218
51 53 0.0396802789
52 53 -0.0694593398
53 53 0.0335664469
54 53 0.118340848
43 54 0
44 54 0
45 54 -0.0295938655
46 54 0.0639352455
47 54 -0.241833975
48 54 -0.0893304064
49 54 -0.0163724595
50 54 -0.0183606774
51 54 0.0164506854
52 54 -0.244883744
53 54 0.118340848
54 54 0.0490618544
