# name: debug
# type: sparse matrix
# nnz: 900
# rows: 54
# columns: 54

1 1 -0.102566784
2 1 0.230445552
3 1 0.345264224
4 1 -0.86343975
5 1 -0.0701019442
6 1 0.0386040467
7 1 0.0763849589
8 1 -0.372160436
9 1 -0.375368511
10 1 0
11 1 0
12 1 0
1 2 0.230445552
2 2 -0.463405044
3 2 0.379687825
4 2 0.0254018271
5 2 -0.15260072
6 2 -0.0867350082
7 2 0
8 2 0
9 2 0
10 2 0
11 2 0
12 2 0
1 3 0.345264224
2 3 0.379687825
3 3 1.22996699
4 3 -2.91722988
5 3 -0.407223108
6 3 0.267568474
7 3 0.20389217
8 3 -0.993397128
9 3 -1.00196035
10 3 0.66425259
11 3 -0.0581231842
12 3 -0.0867887562
1 4 -0.86343975
2 4 0.0254018271
3 4 -2.91722988
4 4 4.73837842
5 4 -0.75091789
6 4 -0.835127302
7 4 0.0977179993
8 4 1.67664887
9 4 1.83935634
10 4 -0.85531408
11 4 0.171418649
12 4 -0.280470085
1 5 -0.0701019442
2 5 -0.15260072
3 5 -0.407223108
4 5 -0.75091789
5 5 -0.18058676
6 5 0.297440452
7 5 0.162040559
8 5 -0.726930801
9 5 -0.728888814
10 5 -0.117777848
11 5 0.0357513198
12 5 -0.0879518048
1 6 0.0386040467
2 6 -0.0867350082
3 6 0.267568474
4 6 -0.835127302
5 6 0.297440452
6 6 0.327930784
7 6 -0.0164396715
8 6 -0.626139477
9 6 -0.680173679
10 6 -0.0646273899
11 6 -0.0248635862
12 6 0.132386884
1 7 0.0763849589
2 7 0
3 7 0.20389217
4 7 0.0977179993
5 7 0.162040559
6 7 -0.0164396715
7 7 -0.0445029501
8 7 0.216825898
9 7 -0.510603484
10 7 2.02251043
11 7 0.0308323885
12 7 -0.0124127047
13 7 0.0678546065
14 7 -0.725975887
15 7 -0.0151980053
16 7 0
17 7 0
18 7 0
1 8 -0.372160436
2 8 0
3 8 -0.993397128
4 8 1.67664887
5 8 -0.726930801
6 8 -0.626139477
7 8 0.216825898
8 8 0.669321007
9 8 0.675090648
10 8 -0.462869505
11 8 0.040501836
12 8 0.0604767963
13 8 0
14 8 0
15 8 0
16 8 0
17 8 0
18 8 0
1 9 -0.375368511
2 9 0
3 9 -1.00196035
4 9 1.83935634
5 9 -0.728888814
6 9 -0.680173679
7 9 -0.510603484
8 9 0.675090648
9 9 -0.538017013
10 9 3.08489884
11 9 0.310452186
12 9 -0.118127675
13 9 0.124563069
14 9 -1.33269926
15 9 -0.0278995087
16 9 -0.109131353
17 9 -0.186866457
18 9 -0.156644148
1 10 0
2 10 0
3 10 0.66425259
4 10 -0.85531408
5 10 -0.117777848
6 10 -0.0646273899
7 10 2.02251043
8 10 -0.462869505
9 10 3.08489884
10 10 -8.37381909
11 10 1.52481076
12 10 -1.1758968
13 10 0.355263267
14 10 3.12745572
15 10 -0.397944426
16 10 0.280458607
17 10 0.493066945
18 10 0.400723112
1 11 0
2 11 0
3 11 -0.0581231842
4 11 0.171418649
5 11 0.0357513198
6 11 -0.0248635862
7 11 0.0308323885
8 11 0.040501836
9 11 0.310452186
10 11 1.52481076
11 11 0.719687061
12 11 -0.591379449
13 11 -0.0229901848
14 11 2.08582455
15 11 -0.0793951752
16 11 -0.112079453
17 11 -0.00201150417
18 11 -0.188091032
1 12 0
2 12 0
3 12 -0.0867887562
4 12 -0.280470085
5 12 -0.0879518048
6 12 0.132386884
7 12 -0.0124127047
8 12 0.0604767963
9 12 -0.118127675
10 12 -1.1758968
11 12 -0.591379449
12 12 1.59546547
13 12 -0.358897305
14 12 -1.61074119
15 12 0.330849284
16 12 0.106834662
17 12 0.0109080286
18 12 0.178000795
7 13 0.0678546065
8 13 0
9 13 0.124563069
10 13 0.355263267
11 13 -0.0229901848
12 13 -0.358897305
13 13 -0.0664277616
14 13 0.710710084
15 13 0.586482412
16 13 -0.294002192
17 13 -0.0761652511
18 13 0.0145743173
19 13 0.468347945
20 13 0.243090094
21 13 0.219746437
22 13 0
23 13 0
24 13 0
7 14 -0.725975887
8 14 0
9 14 -1.33269926
10 14 3.12745572
11 14 2.08582455
12 14 -1.61074119
13 14 0.710710084
14 14 -1.26293847
15 14 -0.0264390952
16 14 -0.108634168
17 14 -0.186015124
18 14 -0.155930503
19 14 0
20 14 0
21 14 0
22 14 0
23 14 0
24 14 0
7 15 -0.0151980053
8 15 0
9 15 -0.0278995087
10 15 -0.397944426
11 15 -0.0793951752
12 15 0.330849284
13 15 0.586482412
14 15 -0.0264390952
15 15 -0.231818667
16 15 0.164446615
17 15 -0.328596569
18 15 0.0574623824
19 15 -0.182213891
20 15 -0.0945758224
21 15 -0.0854938169
22 15 -0.0519254262
23 15 0.347040477
24 15 -0.115275147
7 16 0
8 16 0
9 16 -0.109131353
10 16 0.280458607
11 16 -0.112079453
12 16 0.106834662
13 16 -0.294002192
14 16 -0.108634168
15 16 0.164446615
16 16 0.112350762
17 16 0.328747558
18 16 0.125131572
19 16 -0.106549584
20 16 -0.0716060611
21 16 -0.105337843
22 16 0.0398848583
23 16 -0.17213695
24 16 0.0791561738
7 17 0
8 17 0
9 17 -0.186866457
10 17 0.493066945
11 17 -0.00201150417
12 17 0.0109080286
13 17 -0.0761652511
14 17 -0.186015124
15 17 -0.328596569
16 17 0.328747558
17 17 -0.677322011
18 17 -0.113084042
19 17 1.2781151
20 17 0.738284571
21 17 0.853940717
22 17 -0.0829563822
23 17 -0.150280792
24 17 -0.114098493
7 18 0
8 18 0
9 18 -0.156644148
10 18 0.400723112
11 18 -0.188091032
12 18 0.178000795
13 18 0.0145743173
14 18 -0.155930503
15 18 0.0574623824
16 18 0.125131572
17 18 -0.113084042
18 18 0.307506082
19 18 0.23890537
20 18 0.0485393124
21 18 -0.144085578
22 18 0.015380113
23 18 0.0157211178
24 18 0.0223609651
13 19 0.468347945
14 19 0
15 19 -0.182213891
16 19 -0.106549584
17 19 1.2781151
18 19 0.23890537
19 19 0.0657926081
20 19 0.0341488235
21 19 0.516970502
22 19 0.25923948
23 19 0.604751388
24 19 -0.0944515418
25 19 -0.374651681
26 19 -0.0372179918
27 19 -0.30748182
28 19 0
29 19 0
30 19 0
13 20 0.243090094
14 20 0
15 20 -0.0945758224
16 20 -0.0716060611
17 20 0.738284571
18 20 0.0485393124
19 20 0.0341488235
20 20 -0.0610174466
21 20 -0.0551580127
22 20 -0.0220826953
23 20 0.147588372
24 20 -0.0490238816
25 20 0
26 20 0
27 20 0
28 20 0
29 20 0
30 20 0
13 21 0.219746437
14 21 0
15 21 -0.0854938169
16 21 -0.105337843
17 21 0.853940717
18 21 -0.144085578
19 21 0.516970502
20 21 -0.0551580127
21 21 -0.487407303
22 21 -0.340805976
23 21 0.260199311
24 21 -0.0480709364
25 21 0.200578754
26 21 0.0199255437
27 21 0.16461776
28 21 0.0115816871
29 21 -0.336427283
30 21 0.0325458027
13 22 0
14 22 0
15 22 -0.0519254262
16 22 0.0398848583
17 22 -0.0829563822
18 22 0.015380113
19 22 0.25923948
20 22 -0.0220826953
21 22 -0.340805976
22 22 -0.362836272
23 22 0.151969175
24 22 -0.138665337
25 22 0.219582392
26 22 0.0775442335
27 22 0.288071524
28 22 0.0734301298
29 22 -0.201236365
30 22 0.0282952423
13 23 0
14 23 0
15 23 0.347040477
16 23 -0.17213695
17 23 -0.150280792
18 23 0.0157211178
19 23 0.604751388
20 23 0.147588372
21 23 0.260199311
22 23 0.151969175
23 23 0.930784868
24 23 0.158127351
25 23 -0.437719514
26 23 0.0242534139
27 23 -0.22815031
28 23 -0.116431099
29 23 -0.236032726
30 23 0.0062996548
13 24 0
14 24 0
15 24 -0.115275147
16 24 0.0791561738
17 24 -0.114098493
18 24 0.0223609651
19 24 -0.0944515418
20 24 -0.0490238816
21 24 -0.0480709364
22 24 -0.138665337
23 24 0.158127351
24 24 -0.134578144
25 24 0.157373427
26 24 0.0993250366
27 24 0.291128665
28 24 0.001561534
29 24 0.000179798988
30 24 0.000190710764
19 25 -0.374651681
20 25 0
21 25 0.200578754
22 25 0.219582392
23 25 -0.437719514
24 25 0.157373427
25 25 0.0603500569
26 25 0.00599518977
27 25 0.935327235
28 25 0.610811549
29 25 0.677618761
30 25 -0.025083966
31 25 -0.441890704
32 25 -0.541432902
33 25 -0.544260572
34 25 0
35 25 0
36 25 0
19 26 -0.0372179918
20 26 0
21 26 0.0199255437
22 26 0.0775442335
23 26 0.0242534139
24 26 0.0993250366
25 26 0.00599518977
26 26 -0.020703072
27 26 -0.171041422
28 26 -0.000886744071
29 26 0.0257583283
30 26 -0.00249184746
31 26 0
32 26 0
33 26 0
34 26 0
35 26 0
36 26 0
19 27 -0.30748182
20 27 0
21 27 0.16461776
22 27 0.288071524
23 27 -0.22815031
24 27 0.291128665
25 27 0.935327235
26 27 -0.171041422
27 27 -0.931502346
28 27 -0.0299411462
29 27 -0.413244323
30 27 0.0650694269
31 27 0.315086156
32 27 0.386063818
33 27 0.388080062
34 27 -0.266422715
35 27 0.368407404
36 27 -0.289589532
19 28 0
20 28 0
21 28 0.0115816871
22 28 0.0734301298
23 28 -0.116431099
24 28 0.001561534
25 28 0.610811549
26 28 -0.000886744071
27 28 -0.0299411462
28 28 -0.0368875826
29 28 -0.159744721
30 28 0.203531697
31 28 0.28107698
32 28 0.110214478
33 28 0.192900837
34 28 -0.187073654
35 28 0.0860742778
36 28 -0.097001396
19 29 0
20 29 0
21 29 -0.336427283
22 29 -0.201236365
23 29 -0.236032726
24 29 0.000179798988
25 29 0.677618761
26 29 0.0257583283
27 29 -0.413244323
28 29 -0.159744721
29 29 -0.491989695
30 29 0.304445053
31 29 0.697032371
32 29 0.225835608
